0 - (1) - [16]
1 - (6) - [12, 23, 25, 27, 30, 31]
2 - (18) - [16, 61, 66, 67, 68, 72, 73, 74, 75, 77, 78, 80, 81, 83, 86, 87, 89, 93]
3 - (4) - [12, 25, 28, 29]
4 - (3) - [8, 23, 61]
5 - (4) - [7, 12, 31, 32]
6 - (5) - [31, 34, 36, 42, 61]
7 - (4) - [12, 31, 73, 95]
8 - (2) - [31, 61]
9 - (10) - [31, 34, 61, 68, 73, 75, 77, 81, 83, 87]
10 - (3) - [12, 31, 61]
11 - (40) - [12, 18, 19, 21, 22, 23, 25, 28, 31, 32, 35, 36, 37, 40, 41, 42, 44, 45, 46, 47, 50, 51, 52, 54, 55, 57, 58, 61, 63, 65, 67, 68, 73, 74, 75, 77, 80, 81, 83, 87]
12 - (5) - [7, 12, 18, 31, 61]
13 - (4) - [12, 18, 31, 34]
14 - (3) - [18, 31, 61]
15 - (28) - [18, 31, 43, 44, 45, 46, 47, 50, 51, 52, 53, 54, 55, 57, 58, 61, 63, 65, 66, 67, 68, 73, 74, 75, 77, 78, 88, 95]
16 - (1) - [33]
17 - (8) - [12, 18, 31, 33, 34, 42, 58, 61]
18 - (9) - [12, 18, 24, 31, 33, 42, 61, 94, 97]
19 - (8) - [7, 12, 33, 78, 88, 95, 98, 103]
20 - (27) - [31, 33, 34, 38, 41, 42, 43, 45, 47, 48, 53, 54, 55, 56, 57, 58, 60, 61, 63, 68, 69, 74, 78, 81, 82, 83, 88]
21 - (11) - [17, 20, 21, 22, 26, 28, 30, 31, 33, 42, 61]
22 - (7) - [7, 18, 42, 45, 58, 61, 78]
23 - (15) - [18, 42, 45, 58, 61, 75, 77, 78, 81, 83, 85, 87, 96, 98, 100]
24 - (4) - [18, 42, 61, 78]
25 - (24) - [18, 32, 34, 36, 37, 39, 40, 41, 42, 45, 46, 47, 50, 51, 52, 53, 54, 58, 61, 63, 66, 74, 78, 88]
26 - (1) - [66]
27 - (20) - [18, 33, 38, 40, 42, 43, 47, 53, 54, 56, 57, 63, 66, 68, 69, 73, 83, 88, 93, 94]
28 - (12) - [18, 24, 32, 34, 42, 55, 58, 61, 66, 74, 78, 88]
29 - (16) - [17, 18, 19, 26, 28, 32, 39, 42, 47, 51, 54, 61, 73, 83, 85, 100]
30 - (12) - [18, 24, 42, 45, 61, 66, 74, 76, 78, 86, 100, 103]
31 - (5) - [18, 24, 32, 42, 66]
32 - (34) - [5, 8, 9, 16, 17, 18, 19, 23, 24, 25, 27, 28, 29, 30, 32, 34, 36, 37, 39, 42, 45, 46, 47, 58, 61, 63, 68, 69, 71, 73, 86, 88, 100, 103]
33 - (2) - [18, 42]
34 - (8) - [42, 45, 48, 51, 54, 66, 71, 76]
35 - (6) - [24, 32, 42, 45, 51, 66]
36 - (7) - [16, 18, 32, 42, 55, 58, 74]
37 - (10) - [5, 16, 18, 27, 32, 42, 55, 58, 74, 100]
38 - (12) - [27, 29, 30, 32, 34, 58, 72, 83, 85, 103, 104, 105]
39 - (3) - [18, 32, 42]
40 - (30) - [16, 18, 24, 28, 43, 45, 46, 47, 48, 49, 52, 53, 54, 55, 56, 57, 59, 61, 63, 66, 68, 69, 70, 71, 73, 75, 83, 86, 88, 100]
41 - (4) - [5, 18, 100, 113]
42 - (28) - [10, 15, 17, 19, 23, 25, 27, 29, 30, 31, 32, 34, 35, 36, 37, 38, 39, 40, 41, 42, 43, 44, 45, 46, 47, 49, 58, 66]
43 - (7) - [27, 29, 32, 49, 55, 58, 74]
44 - (5) - [28, 32, 66, 72, 100]
45 - (22) - [5, 9, 16, 18, 28, 33, 34, 36, 37, 38, 41, 43, 45, 47, 48, 49, 51, 55, 58, 66, 74, 86]
46 - (15) - [5, 9, 11, 12, 18, 31, 33, 34, 35, 36, 37, 38, 49, 58, 66]
47 - (9) - [23, 24, 29, 30, 34, 37, 38, 46, 47]
48 - (5) - [5, 9, 11, 18, 66]
49 - (3) - [18, 31, 58]
50 - (16) - [8, 10, 11, 12, 14, 15, 17, 18, 20, 21, 24, 31, 38, 49, 100, 113]
51 - (37) - [9, 11, 16, 18, 19, 27, 29, 49, 55, 58, 63, 64, 67, 71, 72, 73, 75, 79, 81, 83, 85, 86, 87, 89, 90, 91, 92, 93, 95, 97, 98, 101, 102, 103, 104, 105, 106]
52 - (23) - [3, 5, 9, 18, 27, 29, 31, 32, 33, 34, 36, 37, 38, 39, 41, 42, 43, 45, 47, 48, 49, 51, 106]     
53 - (16) - [9, 11, 16, 18, 19, 27, 29, 38, 42, 51, 55, 58, 74, 100, 106, 113]
54 - (10) - [18, 21, 24, 28, 38, 44, 50, 62, 74, 85]
55 - (9) - [3, 5, 9, 11, 18, 21, 27, 29, 38]
56 - (13) - [3, 5, 9, 11, 18, 21, 38, 51, 86, 92, 100, 106, 113]
57 - (17) - [9, 11, 18, 19, 28, 38, 53, 54, 55, 56, 57, 59, 63, 64, 103, 106, 113]
58 - (18) - [3, 5, 9, 11, 14, 16, 18, 19, 21, 24, 27, 28, 29, 38, 42, 43, 45, 58]
59 - (26) - [3, 5, 9, 11, 16, 18, 21, 38, 50, 67, 71, 72, 73, 75, 79, 80, 81, 83, 84, 87, 89, 90, 91, 92, 93, 95]
60 - (6) - [5, 9, 11, 18, 19, 20]
61 - (6) - [3, 5, 9, 11, 19, 49]
62 - (17) - [3, 5, 9, 11, 29, 30, 31, 34, 37, 44, 45, 46, 47, 55, 58, 67, 72]
63 - (7) - [9, 11, 19, 49, 74, 97, 106]
64 - (10) - [9, 11, 19, 23, 28, 38, 45, 49, 55, 74]
65 - (13) - [3, 9, 49, 58, 61, 67, 72, 80, 83, 87, 93, 97, 106]
66 - (8) - [3, 14, 38, 49, 74, 97, 100, 106]
67 - (34) - [14, 38, 42, 43, 45, 47, 51, 54, 55, 58, 61, 67, 71, 73, 77, 80, 81, 82, 83, 95, 96, 97, 99, 100, 101, 102, 104, 105, 106, 109, 110, 113, 114, 116]
68 - (8) - [3, 5, 9, 24, 38, 72, 84, 93]
69 - (6) - [3, 5, 9, 38, 74, 93]
70 - (31) - [3, 5, 9, 11, 16, 19, 21, 22, 23, 24, 25, 26, 27, 29, 30, 31, 34, 35, 40, 47, 49, 51, 55, 72, 84, 93, 97, 100, 106, 113, 116]
71 - (25) - [3, 5, 9, 11, 16, 19, 21, 23, 27, 29, 38, 45, 49, 74, 84, 97, 100, 106, 109, 110, 113, 114, 117, 119, 124]
72 - (7) - [5, 9, 11, 19, 21, 49, 97]
73 - (23) - [9, 38, 40, 45, 47, 49, 54, 55, 58, 61, 65, 67, 70, 71, 73, 74, 75, 76, 77, 79, 80, 93, 104]   
74 - (14) - [5, 9, 11, 19, 21, 38, 40, 42, 49, 54, 68, 74, 88, 104]
75 - (23) - [3, 5, 9, 14, 24, 28, 38, 40, 45, 72, 74, 80, 82, 84, 86, 93, 94, 97, 100, 104, 106, 113, 116] 
76 - (15) - [5, 9, 11, 19, 21, 38, 40, 49, 54, 74, 97, 104, 106, 116, 124]
77 - (22) - [5, 6, 10, 11, 12, 16, 21, 27, 29, 40, 45, 72, 80, 84, 86, 94, 97, 100, 106, 113, 116, 124]    
78 - (13) - [3, 9, 11, 38, 40, 54, 55, 74, 80, 93, 97, 104, 106]
79 - (20) - [3, 9, 11, 25, 26, 28, 38, 40, 47, 49, 51, 54, 55, 94, 97, 100, 103, 106, 116, 124]
80 - (10) - [3, 9, 11, 21, 24, 38, 40, 45, 97, 106]
81 - (26) - [3, 9, 11, 19, 21, 23, 24, 28, 29, 31, 36, 38, 40, 41, 42, 51, 62, 68, 71, 88, 95, 96, 97, 102, 106, 109]
82 - (15) - [3, 9, 38, 40, 45, 72, 80, 84, 86, 94, 97, 100, 106, 116, 124]
83 - (23) - [9, 11, 12, 13, 14, 15, 18, 21, 22, 38, 40, 45, 49, 54, 72, 80, 82, 84, 86, 94, 97, 100, 106]  
84 - (12) - [3, 9, 21, 49, 54, 72, 80, 93, 97, 104, 106, 116]
85 - (17) - [9, 21, 23, 29, 40, 47, 49, 51, 54, 62, 68, 71, 80, 97, 106, 116, 124]
86 - (16) - [3, 9, 19, 21, 44, 49, 63, 65, 67, 72, 74, 80, 84, 95, 96, 106]
87 - (16) - [3, 9, 19, 21, 38, 40, 47, 49, 54, 74, 80, 97, 104, 106, 116, 124]
88 - (5) - [3, 9, 97, 116, 124]
89 - (8) - [49, 54, 80, 97, 104, 106, 116, 124]
90 - (10) - [3, 9, 19, 21, 38, 40, 45, 49, 97, 106]
91 - (9) - [3, 9, 40, 80, 97, 104, 116, 117, 119]
92 - (45) - [9, 19, 22, 23, 25, 28, 29, 31, 36, 38, 40, 41, 42, 46, 47, 48, 50, 51, 53, 56, 61, 62, 63, 65, 67, 68, 69, 70, 71, 73, 77, 78, 79, 82, 85, 86, 87, 88, 89, 92, 93, 94, 95, 96, 106]
93 - (25) - [9, 10, 11, 12, 13, 14, 15, 17, 18, 19, 20, 22, 25, 28, 31, 34, 36, 37, 38, 39, 40, 49, 116, 122, 124]
94 - (35) - [21, 23, 29, 38, 47, 49, 54, 55, 56, 61, 62, 68, 69, 70, 71, 73, 74, 79, 80, 84, 85, 87, 88, 89, 92, 94, 95, 102, 104, 106, 108, 109, 110, 111, 113]
95 - (8) - [41, 45, 47, 49, 55, 74, 80, 106]
96 - (14) - [3, 21, 23, 29, 41, 42, 45, 51, 68, 71, 74, 77, 94, 106]
97 - (6) - [3, 38, 45, 69, 72, 80]
98 - (15) - [3, 15, 21, 22, 24, 26, 29, 30, 31, 49, 55, 68, 74, 95, 102]
99 - (12) - [3, 15, 38, 45, 69, 72, 80, 84, 94, 106, 122, 124]
100 - (26) - [49, 53, 55, 58, 61, 70, 71, 73, 74, 75, 76, 77, 78, 79, 81, 82, 85, 90, 92, 94, 95, 104, 107, 108, 110, 113]
101 - (32) - [49, 50, 51, 53, 54, 56, 62, 67, 68, 69, 70, 71, 73, 77, 78, 79, 85, 87, 89, 92, 94, 95, 103, 106, 108, 110, 111, 112, 117, 121, 122, 124]
102 - (50) - [4, 5, 8, 9, 11, 12, 13, 14, 17, 18, 19, 20, 21, 22, 23, 25, 26, 28, 30, 53, 54, 55, 56, 58, 59, 62, 67, 68, 69, 70, 71, 73, 77, 78, 79, 80, 84, 85, 86, 87, 89, 90, 92, 93, 94, 95, 103, 106, 110, 113] 
103 - (2) - [29, 110]
104 - (17) - [15, 21, 23, 29, 62, 68, 69, 71, 74, 77, 80, 85, 87, 89, 110, 113, 124]
105 - (19) - [15, 21, 38, 45, 46, 50, 53, 61, 70, 71, 72, 73, 74, 75, 76, 80, 84, 110, 124]
106 - (10) - [15, 21, 27, 28, 35, 40, 80, 84, 110, 124]
107 - (6) - [21, 38, 40, 74, 104, 110]
108 - (10) - [38, 40, 50, 53, 61, 70, 74, 110, 117, 124]
109 - (10) - [38, 40, 50, 72, 74, 76, 80, 84, 104, 110]
110 - (17) - [15, 21, 40, 77, 79, 80, 81, 84, 85, 86, 92, 95, 107, 108, 110, 119, 121]
111 - (3) - [38, 40, 110]
112 - (7) - [15, 21, 40, 50, 74, 77, 110]
113 - (7) - [38, 69, 70, 72, 76, 80, 84]
114 - (9) - [35, 40, 45, 47, 50, 62, 68, 110, 127]
115 - (8) - [38, 70, 72, 76, 77, 80, 84, 110]
116 - (5) - [70, 72, 77, 79, 110]
117 - (15) - [20, 22, 23, 24, 25, 26, 35, 37, 38, 40, 47, 50, 57, 59, 110]
118 - (4) - [21, 59, 70, 72]
119 - (14) - [50, 51, 54, 59, 61, 62, 67, 68, 69, 70, 71, 77, 110, 127]
120 - (24) - [21, 22, 24, 25, 35, 38, 39, 42, 44, 45, 46, 47, 49, 50, 51, 52, 53, 54, 55, 56, 58, 59, 70, 110]
121 - (2) - [47, 57]
122 - (9) - [50, 51, 54, 58, 61, 62, 68, 69, 71]
123 - (16) - [44, 46, 47, 49, 50, 51, 54, 57, 58, 61, 62, 67, 68, 69, 70, 104]
124 - (6) - [44, 46, 47, 51, 53, 57]
125 - (5) - [39, 57, 67, 121, 123]
126 - (36) - [39, 42, 44, 46, 47, 49, 50, 51, 52, 53, 54, 58, 61, 62, 68, 70, 71, 76, 77, 78, 80, 83, 85, 86, 87, 88, 89, 94, 95, 100, 101, 102, 103, 104, 105, 110]
127 - (1) - [67]
128 - (4) - [58, 61, 62, 67]